0000 c0
0001 7f
0002 c1
0003 db
0004 80
0005 21
0006 00
0007 00
0008 00
0009 00
000a 00
000b 00
000c 00
000d 00
000e 00
000f 00
0010 00
0011 00
0012 00
0013 00
0014 00
0015 00
0016 00
0017 00
0018 00
0019 00
001a 00
001b 00
001c 00
001d 00
001e 00
001f 00
0020 00
0021 00
0022 00
0023 00
0024 00
0025 00
0026 00
0027 00
0028 00
0029 00
002a 00
002b 00
002c 00
002d 00
002e 00
002f 00
0030 00
0031 00
0032 00
0033 00
0034 00
0035 00
0036 00
0037 00
0038 00
0039 00
003a 00
003b 00
003c 00
003d 00
003e 00
003f 00
0040 00
0041 00
0042 00
0043 00
0044 00
0045 00
0046 00
0047 00
0048 00
0049 00
004a 00
004b 00
004c 00
004d 00
004e 00
004f 00
0050 00
0051 00
0052 00
0053 00
0054 00
0055 00
0056 00
0057 00
0058 00
0059 00
005a 00
005b 00
005c 00
005d 00
005e 00
005f 00
0060 00
0061 00
0062 00
0063 00
0064 00
0065 00
0066 00
0067 00
0068 00
0069 00
006a 00
006b 00
006c 00
006d 00
006e 00
006f 00
0070 00
0071 00
0072 00
0073 00
0074 00
0075 00
0076 00
0077 00
0078 00
0079 00
007a 00
007b 00
007c 00
007d 00
007e 00
007f 00
0080 00
0081 00
